0, 0, Agitation,           2,  -,  0.5, 6, 1, 1,  1, 21, 0, 3, 4, 0, 0.25,  1, 21, 0, 3, 4, 0, 0.35,  1, 21, 0, 3, 4, 0, 0.45,  1, 21, 0, 3, 4, 0, 0.55,  1, 21, 0, 3, 4, 1, 0.25,  1, 21, 0, 3, 4, 1, 0.35,  1, 21, 0, 3, 4, 1, 0.45,  1, 21, 0, 3, 4, 1, 0.55,  1, 21, 0, 3, 4, 2, 0.25,  1, 21, 0, 3, 4, 2, 0.35,  1, 21, 0, 3, 4, 2, 0.45,  1, 21, 0, 3, 4, 3, 0.55
0, 1, Alluring Swipe,      0, 30, 0.75, 0, 1, 2,  3, 2, 10, 1, 0.3,  2, 2, 10, 1, 0.15,  3, 2, 15, 1, 0.3,  2, 2, 15, 1, 0.15,  3, 2, 15, 1, 0.3,  2, 2, 15, 1, 0.15,  3, 2, 15, 1, 0.35,  2, 2, 15, 1, 0.15,  3, 2, 15, 1, 0.35,  2, 2, 15, 1, 0.2,  3, 2, 20, 1, 0.35,  2, 2, 20, 1, 0.2,  3, 2, 20, 1, 0.4,  2, 2, 20, 1, 0.2,  3, 2, 20, 1, 0.4,  2, 2, 20, 1, 0.2,  3, 2, 25, 1, 0.45,  2, 2, 25, 1, 0.25,  3, 2, 25, 1, 0.5,  2, 2, 25, 1, 0.25,  3, 2, 25, 1, 0.6,  2, 2, 25, 1, 0.35,  3, 2, 30, 1, 0.7,  2, 2, 30, 1, 0.45
0, 2, Kaleidoscopic Dance, 0, 35,  0.5, 0, 1, 1,  0, 21, 0, 3, 2, 0, 0.2,  0, 21, 0, 3, 2, 0, 0.3,  0, 21, 0, 3, 2, 0, 0.4,  0, 21, 0, 3, 2, 1, 0.2,  0, 21, 0, 3, 2, 1, 0.3,  0, 21, 0, 3, 2, 1, 0.4,  0, 21, 0, 3, 2, 2, 0.2,  0, 21, 0, 3, 2, 2, 0.3,  0, 21, 0, 3, 2, 2, 0.4,  0, 21, 0, 3, 2, 3, 0.2,  0, 21, 0, 3, 2, 3, 0.3,  0, 21, 0, 3, 2, 3, 0.4
0, 3, Ravage Dance,        0, 45, 1.25, 0, 1, 2,  3, 7, 5, 1, 0.15,  3, 30, 5, 1, 0.15,  3, 7, 5, 1, 0.15,  3, 30, 5, 1, 0.2,  3, 7, 5, 1, 0.2,  3, 30, 5, 1, 0.2,  3, 7, 10, 1, 0.2,  3, 30, 10, 1, 0.25,  3, 7, 10, 1, 0.25,  3, 30, 10, 1, 0.25,  3, 7, 10, 1, 0.25,  3, 30, 10, 1, 0.3,  3, 7, 15, 1, 0.3,  3, 30, 15, 1, 0.3,  3, 7, 15, 1, 0.35,  3, 30, 15, 1, 0.35,  3, 7, 15, 1, 0.45,  3, 30, 15, 1, 0.45,  3, 7, 20, 1, 0.5,  3, 30, 20, 1, 0.5,  3, 7, 20, 1, 0.6,  3, 30, 20, 1, 0.6,  3, 7, 20, 1, 0.75,  3, 30, 25, 1, 0.75
0, 4, Dancing Lil Rafaga,  1,  -, 1.50, 0, 1, 2,  0, 21, 0, 3, 2, 0, 0.4,  2, 2, 10, 1, 0.25,  0, 21, 0, 3, 2, 0, 0.5,  2, 2, 10, 1, 0.35,  0, 21, 0, 3, 2, 0, 0.6,  2, 2, 10, 1, 0.45,  0, 21, 0, 3, 2, 1, 0.5,  2, 2, 10, 1, 0.55,  0, 21, 0, 3, 2, 1, 0.6,  2, 2, 10, 1, 0.65,  0, 21, 0, 3, 2, 1, 0.7,  2, 2, 10, 1, 0.75,  0, 21, 0, 3, 2, 2, 0.6,  2, 2, 10, 1, 0.85,  0, 21, 0, 3, 2, 2, 0.7,  2, 2, 10, 1, 0.95,  0, 21, 0, 3, 2, 2, 0.8,  2, 2, 10, 1, 1.05,  0, 21, 0, 3, 2, 3, 0.9,  2, 2, 10, 1, 1.15,  0, 21, 0, 3, 2, 3, 1.0,  2, 2, 10, 1, 1.25,  0, 21, 0, 3, 2, 3, 1.0,  2, 2, 15, 1, 1.35
0, 5, Magic Spell,         4,  -, 1.50, 6, 0, -
0, 6, Top Rank,            4,  -, 1.50, 6, 1, 1,  2, 3, 10, 1, 0.15,  2, 3, 10, 1, 0.2,  2, 3, 10, 1, 0.25,  2, 3, 15, 1, 0.2,  2, 3, 15, 1, 0.25,  2, 3, 15, 1, 0.3,  2, 3, 25, 1, 0.25,  2, 3, 20, 1, 0.3,  2, 3, 20, 1, 0.4,  2, 3, 25, 1, 0.5,  2, 3, 25, 1, 0.6,  2, 3, 30, 1, 0.75

1, -, Luck, Become luckier!\n, 1, 3,  0, 28, 0, 1, 0.0,  0, 26, 0, 1, 0.0,  0, 27, 0, 1, 0.05,  0, 28, 0, 1, 0.0,  0, 26, 0, 1, 0.05,  0, 27, 0, 1, 0.1,  0, 28, 0, 1, 0.05,  0, 26, 0, 1, 0.1,  0, 27, 0, 1, 0.15,  0, 28, 0, 1, 0.1,  0, 26, 0, 1, 0.1,  0, 27, 0, 1, 0.2,  0, 28, 0, 1, 0.15,  0, 26, 0, 1, 0.15,  0, 27, 0, 1, 0.25,  0, 28, 0, 1, 0.2,  0, 26, 0, 1, 0.15,  0, 27, 0, 1, 0.35,  0, 28, 0, 1, 0.2,  0, 26, 0, 1, 0.2,  0, 27, 0, 1, 0.45,  0, 28, 0, 1, 0.25,  0, 26, 0, 1, 0.2,  0, 27, 0, 1, 0.55,  0, 28, 0, 1, 0.3,  0, 26, 0, 1, 0.25,  0, 27, 0, 1, 0.65,  0, 28, 0, 1, 0.35,  0, 26, 0, 1, 0.25,  0, 27, 0, 1, 0.75,  0, 28, 0, 1, 0.4275,  0, 26, 0, 1, 0.375,  0, 27, 0, 1, 0.85,  0, 28, 0, 1, 0.5,  0, 26, 0, 1, 0.5,  0, 27, 0, 1, 1.0
1, -, Hunter, Get better at killing monsters\n that you've already fought!, 0, -
1, -, Avenger, Get better at killing monsters!\n, 0, -
1, -, Battery, Gain more magic!\n, 0, -
1, -, Invigoration, Increase Strength and Magic, 1, 2,  2, 3, -, 1, 0.05,  2, 2, -, 1, 0.05,  2, 3, -, 1, 0.1,  2, 2, -, 1, 0.1,  2, 3, -, 1, 0.15,  2, 2, -, 1, 0.15,  2, 3, -, 1, 0.2,  2, 2, -, 1, 0.2,  2, 3, -, 1, 0.25,  2, 2, -, 1, 0.25,  2, 3, -, 1, 0.3,  2, 2, -, 1, 0.3,  2, 3, -, 1, 0.35,  2, 2, -, 1, 0.35,  2, 3, -, 1, 0.4,  2, 2, -, 1, 0.4,  2, 3, -, 1, 0.5,  2, 2, -, 1, 0.5,  2, 3, -, 1, 0.6,  2, 2, -, 1, 0.6,  2, 3, -, 1, 0.7,  2, 2, -, 1, 0.7,  2, 3, -, 1, 0.75,  2, 2, -, 1, 0.75
0, -, , 4, , 4, 5, 1, 0